       100        94       448        29
       100        97       445         0
       100        79       474        11
       100        94       433        47
       100        95       463        40
       100        83       454         1


       500        93       438         7
       500        80       436        87
       500        91       427        22
       500        92       417        30
       500        94       426        32
       500        83       422        66


      1000        91       411        52
      1000        90       412        93
      1000        84       415        79
      1000        84       409        42
      1000        76       409        77
      1000        87       415        12


     10000        93       404        80
     10000        99       403        72
     10000        94       405        55
     10000        92       407        83
     10000        87       405         2
     10000        87       403        82


    500000        87       401        47
    500000        88       401        73
    500000        89       401        77
    500000        88       401        78
    500000        88       401         4
    500000        90       401        37
