       100        50      71.2        54
       100        53      66.1         8
       100        47      68.8        34
       100        47        70        68
       100        56      67.1        63
       100        55        69        12


       500        42      61.2        27
       500        45      62.3        93
       500        46      64.5        47
       500        49      61.5        54
       500        45      62.9        57
       500        44      62.7        81


      1000        45      63.7        72
      1000        47      63.6        96
      1000        40      61.6        89
      1000        47        61        64
      1000        44      62.3        88
      1000        47        62        35


     10000        42      58.7        89
     10000        44      58.7        85
     10000        42        59        74
     10000        47      58.5        91
     10000        47      58.4        14
     10000        47      58.9        90


    500000        44      57.9        68
    500000        44        58        85
    500000        43        58        87
    500000        43      58.1        88
    500000        44        58        20
    500000        44        58        61
