       100        94       131        54
       100        97       130         8
       100        79       131        34
       100        95       129        68
       100        95       133        63
       100        83       129        12


       500        93       129        27
       500        97       125        93
       500        91       127        47
       500        92       125        54
       500        94       127        57
       500        98       125        81


      1000        91       124        72
      1000        97       125        96
      1000        94       124        89
      1000        95       124        64
      1000        99       124        88
      1000        98       124        35


     10000        93       123        89
     10000        99       123        85
     10000        94       123        74
     10000        92       124        91
     10000        98       123        14
     10000        93       123        90


    500000        95       123        68
    500000        95       123        85
    500000        94       123        87
    500000        94       123        88
    500000        94       123        20
    500000        94       123        61
