       100        94       191        29
       100        71       187         0
       100        79       218        11
       100        72       193        47
       100        95       200        40
       100        75       205         1


       500        93       185         7
       500        80       193        87
       500        91       180        22
       500        74       178        30
       500        71       188        32
       500        83       183        66


      1000        72       174        52
      1000        84       174        93
      1000        84       177        79
      1000        84       173        42
      1000        76       179        77
      1000        84       176        12


     10000        72       169        80
     10000        81       169        72
     10000        77       169        55
     10000        81       170        83
     10000        79       171         2
     10000        81       170        82


    500000        80       168        47
    500000        80       168        73
    500000        80       168        77
    500000        79       168        78
    500000        82       168         4
    500000        81       168        37
