       100        44      43.1        29
       100        50      41.6         0
       100        79      49.2        11
       100        62      46.3        47
       100        61      45.2        40
       100        55      44.4         1


       500        43      38.6         7
       500        58      35.9        87
       500        54      35.8        22
       500        60      35.8        30
       500        71      38.5        32
       500        54      37.3        66


      1000        62      34.6        52
      1000        57      35.1        93
      1000        46      33.9        79
      1000        47      35.6        42
      1000        44      35.2        77
      1000        47      33.5        12


     10000        53      31.7        80
     10000        50        31        72
     10000        42      31.5        55
     10000        49      31.2        83
     10000        60      31.7         2
     10000        47      31.8        82


    500000        47      30.3        47
    500000        50      30.4        73
    500000        49      30.3        77
    500000        48      30.4        78
    500000        50      30.5         4
    500000        51      30.4        37
