       100        44      58.6        39
       100        44      52.8         6
       100        36      54.3        24
       100        42      57.3        49
       100        41      56.1        45
       100        39      59.7         9


       500        43      53.7        20
       500        37      51.6        75
       500        43      51.9        34
       500        41      50.8        39
       500        49      51.2        41
       500        44      52.5        59


      1000        45      50.2        51
      1000        41        51        82
      1000        46      51.5        68
      1000        47      51.3        46
      1000        44      52.5        67
      1000        38      50.5        25


     10000        41      49.2        69
     10000        40      49.1        63
     10000        42      49.7        53
     10000        40      48.9        71
     10000        39      49.5        10
     10000        40      49.1        70


    500000        41      48.5        49
    500000        42      48.6        64
    500000        39      48.5        66
    500000        41      48.5        67
    500000        39      48.5        15
    500000        41      48.4        43
