       100        18      21.5        29
       100        15      26.7         0
       100        18      22.4        11
       100        32      33.5        47
       100        21      27.9        40
       100        24      27.3         1


       500        21      22.5         7
       500        25      24.5        87
       500        20      20.4        22
       500        22      21.2        30
       500        22      21.9        32
       500        22      22.4        66


      1000        17      20.2        52
      1000        17      20.5        93
      1000        23      21.1        79
      1000        24      22.1        42
      1000        18      20.6        77
      1000        26        22        12


     10000        20      19.8        80
     10000        22      19.5        72
     10000        18      19.2        55
     10000        21      19.4        83
     10000        20      19.5         2
     10000        23      19.3        82


    500000        20      19.1        47
    500000        20        19        73
    500000        20      19.1        77
    500000        18        19        78
    500000        20        19         4
    500000        20        19        37
