       100        94       442        39
       100        71       435         6
       100        79       477        24
       100        72       444        49
       100        95       453        45
       100        75       456         9


       500        78       437        20
       500        80       444        75
       500        91       427        34
       500        74       430        39
       500        71       435        41
       500        75       431        59


      1000        76       422        51
      1000        84       422        82
      1000        72       424        68
      1000        81       420        46
      1000        76       427        67
      1000        84       424        25


     10000        72       417        69
     10000        79       417        63
     10000        77       416        53
     10000        74       418        71
     10000        79       418        10
     10000        78       418        70


    500000        78       415        49
    500000        80       415        64
    500000        80       415        66
    500000        78       415        67
    500000        77       415        15
    500000        75       415        43
