       100        58       188        39
       100        71       192         6
       100        79       206        24
       100        62       204        49
       100        61       200        45
       100        55       198         9


       500        64       185        20
       500        58       187        75
       500        54       188        34
       500        60       190        39
       500        71       189        41
       500        54       186        59


      1000        62       186        51
      1000        57       186        82
      1000        63       183        68
      1000        62       185        46
      1000        63       182        67
      1000        53       182        25


     10000        53       180        69
     10000        59       180        63
     10000        56       180        53
     10000        58       181        71
     10000        60       182        10
     10000        57       180        70


    500000        58       179        49
    500000        58       179        64
    500000        57       179        66
    500000        58       179        67
    500000        59       179        15
    500000        57       179        43
