       100        94       479        29
       100        97       478         0
       100        79       492        11
       100        94       465        47
       100        95       494        40
       100        83       476         1


       500        93       469         7
       500        80       457        87
       500        98       463        22
       500        98       451        30
       500        94       459        32
       500        98       455        66


      1000        91       443        52
      1000        99       448        93
      1000        94       445        79
      1000        95       443        42
      1000        99       446        77
      1000        98       448        12


     10000        93       438        80
     10000        99       442        72
     10000        99       442        55
     10000        92       441        83
     10000        98       441         2
     10000        99       438        82


    500000        97       436        47
    500000        97       437        73
    500000        98       436        77
    500000        98       437        78
    500000        99       436         4
    500000        97       437        37
