       100        94      97.4        39
       100        97      96.1         6
       100        79       102        24
       100        72      95.3        49
       100        95      99.7        45
       100        83      98.2         9


       500        93      95.1        20
       500        80      95.9        75
       500        98      94.1        34
       500        98      92.5        39
       500        94      93.9        41
       500        83      93.3        59


      1000        91      91.5        51
      1000        97        92        82
      1000        84        92        68
      1000        84      91.4        46
      1000        76        92        67
      1000        87      92.5        25


     10000        93      90.7        69
     10000        99        91        63
     10000        99      90.8        53
     10000        92      91.2        71
     10000        87      90.9        10
     10000        87      90.5        70


    500000        87      90.2        49
    500000        88      90.2        64
    500000        86      90.1        66
    500000        88      90.2        67
    500000        88      90.2        15
    500000        94      90.2        43
