       100        94       601        54
       100        97       601         8
       100        79       602        34
       100        95       593        68
       100        95       614        63
       100        81       591        12


       500        93       592        27
       500        97       575        93
       500        91       584        47
       500        92       577        54
       500        94       584        57
       500        98       576        81


      1000        91       571        72
      1000        97       573        96
      1000        94       572        89
      1000        95       568        64
      1000        99       571        88
      1000        98       572        35


     10000        93       566        89
     10000        99       567        85
     10000        94       567        74
     10000        92       568        91
     10000        98       566        14
     10000        93       565        90


    500000        95       563        68
    500000        95       564        85
    500000        94       563        87
    500000        94       563        88
    500000        94       563        20
    500000        94       564        61
