       100        94       618        54
       100        97       620         8
       100        96       612        34
       100        95       611        68
       100        95       631        63
       100        95       604        12


       500        93       609        27
       500        97       597        93
       500        98       605        47
       500        98       595        54
       500        94       602        57
       500        98       598        81


      1000        91       589        72
      1000        97       595        96
      1000        94       592        89
      1000        95       589        64
      1000        99       594        88
      1000        98       594        35


     10000        99       587        89
     10000        99       590        85
     10000        99       589        74
     10000        98       589        91
     10000        98       589        14
     10000        99       586        90


    500000        97       585        68
    500000        97       585        85
    500000        98       585        87
    500000        98       585        88
    500000        99       585        20
    500000        97       585        61
