       100        94      99.3        29
       100        97      98.6         0
       100        79       104        11
       100        94      96.2        47
       100        95       102        40
       100        83      99.6         1


       500        93      96.8         7
       500        80      95.7        87
       500        98      95.2        22
       500        92      92.7        30
       500        94      94.8        32
       500        98      93.6        66


      1000        91      91.4        52
      1000        97      91.8        93
      1000        94      91.4        79
      1000        95      90.9        42
      1000        99      91.2        77
      1000        87        92        12


     10000        93      90.2        80
     10000        99      90.5        72
     10000        99      90.4        55
     10000        92      90.7        83
     10000        98      90.2         2
     10000        93      89.6        82


    500000        95      89.3        47
    500000        95      89.5        73
    500000        94      89.4        77
    500000        94      89.4        78
    500000        94      89.4         4
    500000        94      89.5        37
