       100        38      51.4        39
       100        32      49.9         6
       100        36      50.8        24
       100        32      52.4        49
       100        34      49.3        45
       100        39        53         9


       500        38      44.6        20
       500        37      45.6        75
       500        37      44.7        34
       500        32      44.6        39
       500        33        48        41
       500        32      46.6        59


      1000        32      43.5        51
      1000        32      44.4        82
      1000        32      43.7        68
      1000        29      43.9        46
      1000        33        43        67
      1000        32      43.8        25


     10000        34      42.5        69
     10000        32      42.5        63
     10000        31        43        53
     10000        31      42.5        71
     10000        32      42.8        10
     10000        32      42.2        70


    500000        31      42.1        49
    500000        32      42.2        64
    500000        32      42.2        66
    500000        32      42.2        67
    500000        31      42.1        15
    500000        31      42.1        43
