       100        94       447        39
       100        97       439         6
       100        79       477        24
       100        72       445        49
       100        95       458        45
       100        75       457         9


       500        78       438        20
       500        80       446        75
       500        91       431        34
       500        74       430        39
       500        71       435        41
       500        83       433        59


      1000        79       423        51
      1000        84       425        82
      1000        84       426        68
      1000        84       423        46
      1000        76       428        67
      1000        84       427        25


     10000        83       418        69
     10000        81       419        63
     10000        84       418        53
     10000        81       420        71
     10000        79       420        10
     10000        78       419        70


    500000        80       417        49
    500000        80       417        64
    500000        80       417        66
    500000        79       416        67
    500000        82       417        15
    500000        81       417        43
