       100        94       262        29
       100        97       261         0
       100        79       270        11
       100        94       254        47
       100        95       270        40
       100        83       261         1


       500        93       256         7
       500        80       251        87
       500        98       253        22
       500        98       246        30
       500        94       251        32
       500        98       249        66


      1000        91       242        52
      1000        99       244        93
      1000        94       243        79
      1000        95       241        42
      1000        99       243        77
      1000        98       245        12


     10000        93       239        80
     10000        99       241        72
     10000        99       241        55
     10000        92       241        83
     10000        98       240         2
     10000        99       239        82


    500000        97       238        47
    500000        97       238        73
    500000        98       238        77
    500000        98       238        78
    500000        99       238         4
    500000        97       238        37
