       100        94       473        39
       100        97       468         6
       100        79       492        24
       100        94       459        49
       100        95       484        45
       100        83       475         9


       500        93       463        20
       500        80       463        75
       500        98       459        34
       500        98       452        39
       500        94       457        41
       500        98       454        59


      1000        91       446        51
      1000        97       449        82
      1000        93       447        68
      1000        95       445        46
      1000        99       449        67
      1000        87       450        25


     10000        93       443        69
     10000        99       444        63
     10000        99       444        53
     10000        92       445        71
     10000        98       443        10
     10000        93       442        70


    500000        97       440        49
    500000        95       441        64
    500000        98       440        66
    500000        98       441        67
    500000        94       440        15
    500000        94       441        43
