       100        78       259        54
       100        72       256         8
       100        79       286        34
       100        72       257        68
       100        74       253        63
       100        75       275        12


       500        78       252        27
       500        80       254        93
       500        66       245        47
       500        74       245        54
       500        71       248        57
       500        75       248        81


      1000        70       240        72
      1000        72       236        96
      1000        72       241        89
      1000        69       240        64
      1000        76       241        88
      1000        65       239        35


     10000        72       234        89
     10000        71       234        85
     10000        67       234        74
     10000        74       235        91
     10000        68       235        14
     10000        73       232        90


    500000        70       232        68
    500000        68       232        85
    500000        69       232        87
    500000        71       232        88
    500000        70       232        20
    500000        70       232        61
