       100        44       142        29
       100        67       135         0
       100        79       158        11
       100        62       156        47
       100        61       153        40
       100        55       153         1


       500        43       134         7
       500        58       132        87
       500        54       138        22
       500        60       135        30
       500        57       136        32
       500        54       135        66


      1000        45       128        52
      1000        47       132        93
      1000        46       131        79
      1000        47       133        42
      1000        44       132        77
      1000        47       129        12


     10000        53       125        80
     10000        51       124        72
     10000        51       125        55
     10000        49       124        83
     10000        47       125         2
     10000        47       126        82


    500000        50       123        47
    500000        50       123        73
    500000        49       123        77
    500000        48       123        78
    500000        50       123         4
    500000        51       123        37
