       100        94       258        39
       100        97       255         6
       100        79       269        24
       100        94       251        49
       100        95       264        45
       100        83       259         9


       500        93       253        20
       500        80       253        75
       500        98       250        34
       500        98       246        39
       500        94       250        41
       500        98       247        59


      1000        91       244        51
      1000        97       245        82
      1000        84       244        68
      1000        84       243        46
      1000        99       245        67
      1000        87       246        25


     10000        93       242        69
     10000        99       242        63
     10000        99       242        53
     10000        92       243        71
     10000        98       242        10
     10000        93       241        70


    500000        97       240        49
    500000        95       240        64
    500000        98       240        66
    500000        98       240        67
    500000        94       240        15
    500000        94       240        43
