       100        94       281        54
       100        89       279         8
       100        79       302        34
       100        72       275        68
       100        95       290        63
       100        75       293        12


       500        93       278        27
       500        80       283        93
       500        91       274        47
       500        92       268        54
       500        77       273        57
       500        83       274        81


      1000        77       267        72
      1000        84       269        96
      1000        84       271        89
      1000        81       269        64
      1000        76       269        88
      1000        87       270        35


     10000        83       264        89
     10000        83       264        85
     10000        84       264        74
     10000        83       265        91
     10000        87       265        14
     10000        83       264        90


    500000        84       263        68
    500000        83       263        85
    500000        82       263        87
    500000        84       263        88
    500000        84       263        20
    500000        84       263        61
