       100        73      84.2        54
       100        67      84.8         8
       100        79      92.9        34
       100        62      86.9        68
       100        69      86.9        63
       100        75      92.2        12


       500        66      81.3        27
       500        80      81.9        93
       500        70      80.8        47
       500        60      81.1        54
       500        71      83.1        57
       500        75      80.3        81


      1000        70      79.1        72
      1000        61      78.4        96
      1000        60      79.2        89
      1000        62      79.6        64
      1000        63      79.2        88
      1000        65      78.7        35


     10000        63        76        89
     10000        59      76.2        85
     10000        67      76.5        74
     10000        64        77        91
     10000        66        77        14
     10000        66      76.2        90


    500000        65      75.6        68
    500000        63      75.8        85
    500000        64      75.6        87
    500000        64      75.8        88
    500000        66      75.8        20
    500000        63      75.7        61
