       100        94       339        54
       100        97       340         8
       100        96       336        34
       100        95       335        68
       100        95       346        63
       100        83       331        12


       500        93       334        27
       500        97       327        93
       500        98       331        47
       500        93       326        54
       500        94       330        57
       500        98       327        81


      1000        91       323        72
      1000        97       326        96
      1000        94       324        89
      1000        95       323        64
      1000        99       325        88
      1000        98       326        35


     10000        99       322        89
     10000        99       323        85
     10000        99       323        74
     10000        98       322        91
     10000        98       322        14
     10000        99       321        90


    500000        97       320        68
    500000        97       321        85
    500000        98       321        87
    500000        98       321        88
    500000        97       321        20
    500000        97       321        61
