       100        50       179        39
       100        53       176         6
       100        47       177        24
       100        53       187        49
       100        61       183        45
       100        55       188         9


       500        54       174        20
       500        58       170        75
       500        54       178        34
       500        60       171        39
       500        57       174        41
       500        54       174        59


      1000        51       171        51
      1000        47       173        82
      1000        49       171        68
      1000        54       173        46
      1000        49       172        67
      1000        47       171        25


     10000        53       168        69
     10000        51       168        63
     10000        51       169        53
     10000        49       168        71
     10000        48       168        10
     10000        47       168        70


    500000        50       167        49
    500000        50       167        64
    500000        50       167        66
    500000        50       167        67
    500000        50       167        15
    500000        51       167        43
