       100        94       442        39
       100        71       435         6
       100        79       477        24
       100        72       444        49
       100        95       453        45
       100        75       456         9
       100        86       457        13
       100        94       450        67


       500        74       433        37
       500        78       430        25
       500        86       422        31
       500        82       424        85
       500        85       434        48
       500        80       432        59
       500        84       433        56
       500        81       434        25


      1000        70       420        83
      1000        74       427        94
      1000        85       420        26
      1000        91       421        47
      1000        75       425        38
      1000        80       426        69
      1000        77       422        41
      1000        83       424        73


     10000        82       416        69
     10000        76       417        59
     10000        83       418        69
     10000        81       417        57
     10000        75       417        10
     10000        80       418        15
     10000        76       419        63
     10000        78       418        33


    500000        80       415        49
    500000        79       415         7
    500000        77       415        79
    500000        79       415        42
    500000        77       415        76
    500000        79       415        78
    500000        80       415        31
    500000        77       415        23
