       100        44       142        29
       100        67       135         0
       100        79       158        11
       100        62       156        47
       100        61       153        40
       100        55       153         1
       100        64       154         3
       100        47       147        78


       500        45       133        28
       500        40       134        12
       500        59       136        19
       500        53       131        95
       500        54       137        46
       500        54       135        67
       500        50       137        61
       500        54       133        12


      1000        48       126        94
      1000        53       131        99
      1000        42       129        14
      1000        62       130        44
      1000        64       131        28
      1000        47       129        81
      1000        46       132        33
      1000        46       128        85


     10000        47       124        81
     10000        51       126        67
     10000        48       124        80
     10000        52       126        63
     10000        54       126         1
     10000        46       125         4
     10000        50       127        72
     10000        54       126        21


    500000        51       123        47
    500000        50       123         0
    500000        52       123        90
    500000        50       122        36
    500000        50       123        88
    500000        50       123        90
    500000        49       123        18
    500000        52       123        10
