       100        38      51.4        39
       100        32      49.9         6
       100        36      50.8        24
       100        32      52.4        49
       100        34      49.3        45
       100        39        53         9
       100        29      50.4        13
       100        38      52.8        67


       500        38      47.8        37
       500        40      47.7        25
       500        36      46.8        31
       500        34      44.2        85
       500        31      45.7        48
       500        33      44.8        59
       500        35      45.6        56
       500        29      46.6        25


      1000        29      43.6        83
      1000        31      43.9        94
      1000        34      45.1        26
      1000        32      44.5        47
      1000        30      44.3        38
      1000        32      44.6        69
      1000        31      45.3        41
      1000        34        43        73


     10000        34      42.2        69
     10000        28      42.4        59
     10000        34      42.3        69
     10000        32        43        57
     10000        34      43.1        10
     10000        33      42.5        15
     10000        31      42.2        63
     10000        31      42.5        33


    500000        32      42.3        49
    500000        32      42.3         7
    500000        31      42.2        79
    500000        32      42.3        42
    500000        32      42.2        76
    500000        31      42.3        78
    500000        32      42.3        31
    500000        32      42.2        23
