       100        50       179        39
       100        53       176         6
       100        47       177        24
       100        53       187        49
       100        61       183        45
       100        55       188         9
       100        62       180        13
       100        47       187        67


       500        45       173        37
       500        52       173        25
       500        59       173        31
       500        53       173        85
       500        54       177        48
       500        54       175        59
       500        50       178        56
       500        54       175        25


      1000        51       169        83
      1000        53       172        94
      1000        49       172        26
      1000        51       173        47
      1000        45       170        38
      1000        47       171        69
      1000        46       172        41
      1000        46       170        73


     10000        51       167        69
     10000        51       169        59
     10000        48       167        69
     10000        52       169        57
     10000        50       169        10
     10000        51       168        15
     10000        50       170        63
     10000        54       168        33


    500000        51       167        49
    500000        50       167         7
    500000        51       167        79
    500000        50       167        42
    500000        50       167        76
    500000        50       167        78
    500000        49       167        31
    500000        50       167        23
