       100        50      71.2        54
       100        53      66.1         8
       100        47      68.8        34
       100        47        70        68
       100        56      67.1        63
       100        55        69        12
       100        55      64.8        18
       100        47      79.1        88


       500        45      65.5        52
       500        40      64.6        34
       500        49      62.3        43
       500        51      60.8        97
       500        54      62.3        68
       500        46      65.8        81
       500        50      66.6        78
       500        54      64.1        35


      1000        45      61.2        97
      1000        40      61.2        99
      1000        49      61.9        37
      1000        44        62        66
      1000        45      62.4        52
      1000        43      61.6        90
      1000        46      62.7        57
      1000        46      61.6        92


     10000        47      58.2        90
     10000        47      59.1        81
     10000        43      58.2        89
     10000        43        59        79
     10000        42      58.4        13
     10000        46      59.3        20
     10000        47        60        84
     10000        43      59.4        46


    500000        45        58        69
    500000        43        58         9
    500000        45      58.1        95
    500000        43      57.9        59
    500000        43      57.8        93
    500000        44        58        94
    500000        43      57.8        43
    500000        44      57.9        32
