       100        78       259        54
       100        72       256         8
       100        79       286        34
       100        72       257        68
       100        74       253        63
       100        75       275        12
       100        74       270        18
       100        70       251        88


       500        74       246        52
       500        65       245        34
       500        78       235        43
       500        73       244        97
       500        73       248        68
       500        80       244        81
       500        76       248        78
       500        81       245        35


      1000        70       241        97
      1000        74       240        99
      1000        68       235        37
      1000        64       237        66
      1000        75       243        52
      1000        80       239        90
      1000        69       239        57
      1000        69       239        92


     10000        68       234        90
     10000        70       236        81
     10000        69       234        89
     10000        72       234        79
     10000        70       234        13
     10000        69       233        20
     10000        76       234        84
     10000        69       233        46


    500000        69       232        69
    500000        70       232         9
    500000        69       232        95
    500000        69       232        59
    500000        70       232        93
    500000        71       232        94
    500000        71       232        43
    500000        70       232        32
