       100        18      21.5        29
       100        15      26.7         0
       100        18      22.4        11
       100        32      33.5        47
       100        21      27.9        40
       100        24      27.3         1
       100        29      31.9         3
       100        23      27.2        78


       500        21      20.8        28
       500        18      21.1        12
       500        26      22.6        19
       500        21      23.4        95
       500        17      21.9        46
       500        21      21.3        67
       500        21      23.2        61
       500        19      21.7        12


      1000        27      21.8        94
      1000        26      20.3        99
      1000        21      21.6        14
      1000        24      21.4        44
      1000        20      22.1        28
      1000        24      21.7        81
      1000        21      20.3        33
      1000        17      20.4        85


     10000        21      19.7        81
     10000        20      19.6        67
     10000        20      19.4        80
     10000        21      19.4        63
     10000        17        19         1
     10000        21      19.7         4
     10000        21      19.6        72
     10000        19      19.9        21


    500000        21        19        47
    500000        20      19.1         0
    500000        19        19        90
    500000        20        19        36
    500000        19        19        88
    500000        20      19.1        90
    500000        19        19        18
    500000        20      19.1        10
