       100        94       448        29
       100        97       445         0
       100        79       474        11
       100        94       433        47
       100        95       463        40
       100        83       454         1
       100        86       460         3
       100        94       458        78


       500        84       420        28
       500        94       416        12
       500        86       413        19
       500        91       422        95
       500        91       429        46
       500        80       421        67
       500        84       426        61
       500        81       422        12


      1000        98       412        94
      1000        96       406        99
      1000        88       412        14
      1000        91       420        44
      1000        89       413        28
      1000        91       416        81
      1000        97       410        33
      1000        83       413        85


     10000        86       402        81
     10000        90       406        67
     10000        83       403        80
     10000        98       403        63
     10000        83       404         1
     10000        92       403         4
     10000        88       404        72
     10000        92       405        21


    500000        87       401        47
    500000        92       401         0
    500000        89       401        90
    500000        89       401        36
    500000        91       401        88
    500000        89       401        90
    500000        88       401        18
    500000        91       400        10
