       100        94       601        54
       100        97       601         8
       100        79       602        34
       100        95       593        68
       100        95       614        63
       100        81       591        12
       100        95       608        18
       100        94       608        88


       500        97       579        52
       500        97       578        34
       500        91       571        43
       500        91       579        97
       500        91       584        68
       500        92       574        81
       500        84       575        78
       500        94       577        35


      1000        98       572        97
      1000        93       569        99
      1000        93       574        37
      1000        91       578        66
      1000        94       572        52
      1000        91       575        90
      1000        97       573        57
      1000        93       571        92


     10000        94       564        90
     10000        90       566        81
     10000        93       564        89
     10000        98       566        79
     10000        95       566        13
     10000        94       565        20
     10000        95       565        84
     10000        99       567        46


    500000        96       563        69
    500000        96       563         9
    500000        94       563        95
    500000        95       563        59
    500000        93       563        93
    500000        93       564        94
    500000        94       563        43
    500000        94       563        32
