                   09612       21.1659122000
                   12003       19.5430056000
                   27875       19.4604159000
                   3475       19.2361303000
                   41823       19.4295131000
                   58269       19.3625950000
                   67528       19.8668263000
                   7448       19.6539490000
                   81671       19.4862774000
                   93625       19.4866550000
                  107639       19.5055104000
                  112102       19.5497810000
                  129636       19.8859929000
                  132724       19.2320704000
                  148223       19.5079284000
                  158715       19.9615137000
                  168715       19.7106516000
                  172513       19.4843742000
                  185031       19.4371419000
                  196863       19.4577408000
