                   01968       13.7422325000
                   18941       13.8936593000
                   24608       13.9095784000
                   39759       13.8594160000
                   49042       13.9212389000
                   54159       13.4719652000
                   64971       13.7009868000
                   79773       13.6126166000
                   89126       13.7073043000
                   97983       13.6942341000
                  104858       13.6919326000
                  118886       13.5845013000
                  121905       13.6807843000
                  138529       13.5277506000
                  144214       13.6940221000
                  153583       13.6709738000
                  163584       13.5244200000
                  178652       13.5276188000
                  187048       13.5176317000
                  195600       13.5912332000
