                   09612       19.3008244000
                   12003       19.7177196000
                   27875       19.9318838000
                   3475       19.9279603000
                   41823       19.7244752000
                   58269       19.3618433000
                   67528       19.5303152000
                   7448       19.7350901000
                   81671       19.9871021000
                   93625       19.8692224000
                  107639       19.7983783000
                  112102       19.6737948000
                  129636       19.7568207000
                  132724       19.5231567000
                  148223       19.5482118000
                  158715       19.6565924000
                  168715       19.8091590000
                  172513       19.8528512000
                  185031       19.5271182000
                  196863       19.6252848000
