                   09804       25.7557507000
                   14476       25.8433617000
                   28874       25.8054573000
                   32180       25.8196164000
                   44269       25.9664167000
                   59093       25.7055877000
                   68676       25.9880924000
                   72117       25.8419693000
                   84087       25.9609436000
                   96021       25.8704218000
                  108740       26.0393117000
                  114584       25.8919957000
                  129816       25.9929665000
                  135219       25.8800339000
                  149068       26.0220481000
                  159335       25.9980285000
                  169335       25.8114352000
                  175012       25.8839864000
                  187093       25.8410250000
                  198284       25.9344708000
