                   09612        1.7339236000
                   12003        1.7512152000
                   27875        1.7033122000
                   3475        1.6667659000
                   41823        1.7424822000
                   58269        1.6953225000
                   67528        1.7141394000
                   7448        1.6951063000
                   81671        1.7111539000
                   93625        1.6958881000
                  107639        1.7183671000
                  112102        1.6856484000
                  129636        1.6976332000
                  132724        1.6949443000
                  148223        1.6938927000
                  158715        1.7091975000
                  168715        1.7012163000
                  172513        1.7265090000
                  185031        1.6777184000
                  196863        1.6897685000
