                   09804        2.0228465000
                   14476        2.1256721000
                   28874        2.1344243000
                   32180        2.1210354000
                   44269        2.0209562000
                   59093        2.2190605000
                   68676        2.1360951000
                   72117        2.1223609000
                   84087        2.0444340000
                   96021        2.2531552000
                  108740        2.1528133000
                  114584        2.1551805000
                  129816        2.0412127000
                  135219        2.2229837000
                  149068        2.1217584000
                  159335        2.1119264000
                  169335        2.0277601000
                  175012        2.1994240000
                  187093        2.1677076000
                  198284        2.0324496000
