                   08608        2.0148609000
                   13165        1.9910737000
                   26741        1.9973134000
                   31542        1.9898807000
                   43020        1.9974261000
                   57059        2.0022358000
                   66485        2.0142725000
                   71497        2.0044004000
                   82891        2.0419015000
                   94258        1.9971824000
                  106564        2.0184268000
                  113242        2.0047799000
                  128652        2.1621128000
                  133691        2.1501791000
                  147019        2.0060092000
                  157466        2.0018666000
                  167465        2.0243627000
                  173545        1.9990450000
                  185016        1.9991682000
                  196040        2.0132363000
