                   09612        2.1166495000
                   12003        2.4344478000
                   27875        2.0312512000
                   3475        2.1049222000
                   41823        2.0569572000
                   58269        2.0447565000
                   67528        2.0335664000
                   7448        2.0224323000
                   81671        2.0157264000
                   93625        2.0537487000
                  107639        2.0439930000
                  112102        2.0282651000
                  129636        2.0243546000
                  132724        2.2892864000
                  148223        2.6101964000
                  158715        2.0144550000
                  168715        2.3121406000
                  172513        2.3383896000
                  185031        2.2245944000
                  196863        2.1277089000
