                   08608       18.8513435000
                   13165       18.8817452000
                   26741       18.8375303000
                   31542       18.7789406000
                   43020       18.8888260000
                   57059       18.9220442000
                   66485       18.8802422000
                   71497       18.8408722000
                   82891       18.8538343000
                   94258       18.8959685000
                  106564       18.8806164000
                  113242       18.7374658000
                  128652       18.8999169000
                  133691       18.7696987000
                  147019       18.9690420000
                  157466       19.2098092000
                  167465       18.7816340000
                  173545       18.7757393000
                  185016       18.7417598000
                  196040       18.8318904000
