                   0984       13.4617084000
                   14471       13.8517674000
                   22305       14.6149757000
                   35120       13.6066032000
                   44521       13.6932458000
                   57920       13.4314468000
                   62486       13.6581999000
                   75113       13.8429932000
                   84563       13.9022323000
                   93992       15.5183925000
                  107570       14.5730476000
                  114443       13.9150789000
                  12953       13.9656298000
                  134265       14.5203988000
                  142108       13.6834857000
                  158208       13.6741156000
                  161792       13.6416924000
                  175674       13.5654996000
                  183524       13.5514899000
                  192800       14.0231598000
